,id,pop
32,44,244
43,62,232
42,61,220
52,72,219
51,71,219
27,34,184
31,43,166
41,60,157
55,80,157
14,17,153
6,7,153
30,38,144
61,89,142
38,56,140
15,20,132
19,24,123
54,79,117
44,63,107
37,55,107
12,15,105
11,14,105
49,69,105
50,70,105
60,88,94
26,33,90
23,29,87
35,53,85
36,54,78
20,25,78
5,6,77
8,11,77
13,16,77
16,21,76
7,8,76
56,81,65
62,90,65
34,52,63
45,64,59
33,48,57
24,30,56
58,86,50
46,65,46
39,57,46
3,4,45
4,5,45
57,82,44
1,2,42
9,12,42
2,3,41
10,13,41
40,58,40
47,66,40
59,87,25
53,78,25
28,35,24
21,26,18
48,68,8
22,27,6
29,36,6
17,22,2
18,23,2
25,32,2
0,1,1
