,id,pop
37,54,322
46,64,276
45,63,251
47,65,246
56,74,198
28,35,196
34,45,193
67,92,192
27,34,182
66,91,172
6,7,171
48,66,169
41,58,165
44,62,164
9,12,160
1,2,160
20,25,155
33,44,155
40,57,152
19,24,140
36,53,127
12,15,120
11,14,120
38,55,119
61,82,113
8,11,107
54,72,106
53,71,106
55,73,104
26,33,102
60,81,101
18,23,100
2,3,97
10,13,97
57,75,94
49,67,91
42,59,91
50,68,89
29,36,87
14,17,84
21,26,81
39,56,78
13,16,77
5,6,77
43,60,76
31,39,72
62,83,70
68,93,70
0,1,63
15,20,61
59,80,58
65,90,58
64,88,57
63,84,56
35,49,54
4,5,46
3,4,46
16,21,44
32,43,40
17,22,35
25,32,35
52,70,21
23,29,18
24,30,17
51,69,13
58,79,13
7,8,7
22,27,6
30,37,6
