,id,pop
27,34,254
33,45,244
44,63,232
43,62,220
52,72,219
53,73,219
28,35,184
32,44,166
42,61,157
56,81,157
6,7,153
14,17,153
31,39,144
62,90,142
39,57,140
15,20,132
19,24,123
55,80,117
45,64,107
38,56,107
51,71,105
50,70,105
12,15,105
11,14,105
61,89,94
26,33,90
23,29,87
36,54,85
37,55,78
20,25,78
5,6,77
13,16,77
8,11,77
7,8,76
16,21,76
57,82,65
63,91,65
35,53,63
46,65,59
34,49,57
24,30,56
59,87,50
47,66,46
40,58,46
3,4,45
4,5,45
58,83,44
1,2,42
9,12,42
2,3,41
10,13,41
41,59,40
48,67,40
60,88,25
54,79,25
29,36,24
21,26,18
49,69,8
22,27,6
30,37,6
17,22,2
18,23,2
25,32,2
0,1,1
