,id,pop
49,65,345
39,54,325
59,75,282
28,34,231
58,74,212
50,66,209
29,35,201
27,33,195
35,45,187
34,44,183
1,2,175
10,12,175
21,25,159
40,55,156
48,64,156
6,7,149
20,24,148
46,62,143
63,82,141
42,57,139
43,58,138
19,23,138
13,15,134
12,14,134
14,16,133
5,6,133
57,73,131
56,72,131
47,63,128
64,83,128
51,67,125
4,5,123
32,39,123
36,49,105
71,92,98
16,20,98
30,36,98
66,85,97
25,30,97
38,53,93
72,93,93
22,26,92
15,17,90
9,11,89
0,1,88
75,98,87
74,97,87
2,3,87
68,88,87
67,87,87
11,13,87
41,56,78
33,43,74
18,22,73
26,32,73
60,76,70
53,69,69
3,4,67
44,59,62
52,68,62
69,89,54
70,91,53
62,81,53
55,71,52
7,8,48
61,80,44
54,70,44
73,94,40
65,84,40
8,9,35
45,60,25
24,29,18
37,52,17
23,27,6
31,37,6
17,21,1
