,id,pop
62,91,258
61,90,251
19,24,225
55,80,216
56,81,215
27,34,201
6,7,194
26,33,180
14,17,153
33,45,145
20,25,144
50,70,142
51,71,142
43,62,140
42,61,137
1,2,134
9,12,134
44,63,134
12,15,133
11,14,133
39,57,127
31,39,115
38,56,114
45,64,114
28,35,113
18,23,111
8,11,103
46,65,101
23,29,97
54,79,95
60,89,95
63,92,94
57,82,94
36,54,91
52,72,90
53,73,90
15,20,88
0,1,78
37,55,78
5,6,77
13,16,77
7,8,76
48,67,74
41,59,74
32,44,67
24,30,63
47,66,57
40,58,57
2,3,56
10,13,56
29,36,52
25,32,46
21,26,46
17,22,46
4,5,35
3,4,35
16,21,25
34,49,18
59,87,18
49,69,8
22,27,6
30,37,6
35,53,3
58,83,1
